.Random.seed <-
c(403L, 10L, 1292919623L, 713070894L, 1407586440L, -197839477L, 
228126057L, 476045112L, 568721894L, 199349633L, -1565964013L, 
743818946L, 374563188L, -1192248969L, 2005830253L, 1946551556L, 
-2021924822L, 521813397L, -1322876369L, 1287016246L, 745705312L, 
36976035L, -1667825983L, 259143344L, -658886194L, 884041017L, 
-1821902517L, -486077702L, -914920452L, -1474147265L, -1601645291L, 
-1945960916L, -390593790L, -1761902627L, -787842345L, -1887259202L, 
-353611784L, -1132540965L, 1183065657L, -1234481272L, -744550602L, 
-164999823L, 1303865251L, -553832718L, 330397252L, 2117826823L, 
-490135331L, 1341597140L, -1149306630L, -1567219643L, -274233185L, 
-906472922L, -686381392L, -1911092397L, -1839782287L, -1398731872L, 
1310841662L, -1624579511L, -901605637L, -851368246L, -984344532L, 
433586223L, 961413349L, 1115564444L, 143954930L, -1845064083L, 
-1299596377L, -1867430450L, -69242072L, -1181460181L, 1056236361L, 
-935802792L, 1267756294L, 2086529249L, -1641725837L, -1990812446L, 
-701903788L, -863243945L, -1290284723L, -651369244L, -1278871350L, 
515314997L, -354403441L, -1434173290L, 647848000L, 1862666499L, 
-1982978783L, 1016096272L, 1803359726L, -1671525991L, -610466261L, 
1522896666L, -1213639204L, -501253153L, -1830237259L, -351488692L, 
288162722L, 1956571901L, -1731554313L, -1130386146L, 1002754008L, 
-1515667141L, -1790896423L, -1917547928L, 1389976470L, 563101457L, 
-1556928317L, 769980626L, -2089943708L, -437665625L, -495938051L, 
-1120090124L, 588304602L, -1962221019L, -1310949569L, 587074758L, 
-1988771504L, 1611993459L, 861739921L, -874541632L, -1859958882L, 
1381079401L, 1222703515L, 41897130L, -2093491508L, 1507025807L, 
-81668155L, -555345028L, 1895474130L, -2068335795L, -953601529L, 
-989441554L, 900656328L, -2087902261L, -1437145559L, -718574472L, 
-1259755098L, 728026049L, -1673410477L, -674029822L, 1446775348L, 
-1350508617L, -281419859L, 1892138180L, -1834405654L, 717989717L, 
1811216623L, -1433964810L, -384509408L, 1128386531L, -638016383L, 
-616615184L, 199694734L, -779995399L, 1882899595L, -506286918L, 
1300621244L, -2078796545L, 797014101L, 277318508L, 1103389634L, 
1684628509L, -721185641L, 1791533566L, -666181192L, -1767789157L, 
627504121L, -2098676920L, 1939478134L, 1987841969L, -28266013L, 
-2107885902L, 371313412L, 338344007L, -1683575011L, -1628506732L, 
992958778L, 1307903365L, -1454092705L, -473016090L, 1550932848L, 
496532627L, -1773901519L, -1997361184L, 1286411390L, -1557391607L, 
-848635589L, 812989706L, -1685900052L, 1523196271L, -1271322971L, 
557480028L, 1562693682L, -2131654867L, 434193895L, -1609320178L, 
-652173592L, 257863915L, 320123273L, -891784936L, -144014266L, 
2043448481L, -646802637L, 1723808418L, 1261965716L, -1367285737L, 
903297037L, -357815004L, 1128831242L, 558264437L, -1006920753L, 
1462701270L, -1219969920L, -170728765L, 770067553L, -1274368816L, 
392248878L, -150716455L, -982966293L, -2115324326L, 847138844L, 
-1908871905L, 1058934133L, 1130101772L, 1917214178L, 2119868093L, 
-1249740489L, 2050088414L, -2068335848L, 159167378L, -1860492704L, 
554579852L, 433846112L, 1326609378L, -187798616L, 1625947340L, 
-197412356L, -904386638L, -234244624L, 1720849860L, 861956440L, 
550231418L, -1845011024L, -1554779204L, -692141996L, -702263358L, 
-98693088L, 329527484L, -1649587632L, -438151198L, -1906327960L, 
-384332212L, -136044292L, -2068977678L, 355288320L, -866659468L, 
204492808L, -695987782L, 669986256L, -496716820L, 1464863636L, 
-2118325294L, 773744480L, -752729780L, 704811296L, 1008992130L, 
2001807080L, -602302228L, 863327804L, 1556755314L, 881399408L, 
1169294372L, -1732067528L, -1936770918L, -480534832L, -1347560260L, 
1907296916L, -1489104254L, 1493172416L, -2071120580L, 2055272592L, 
-262498782L, 311742984L, 2049039628L, 1822806684L, -1169291758L, 
2048739712L, -843892204L, -1059353048L, 1665454394L, -498598960L, 
968130156L, 973304628L, -258682222L, 278922592L, -525091508L, 
1805431776L, 320556962L, 1888493480L, 1917839244L, -1715361092L, 
-667151502L, 1847699696L, -595557308L, 2143602008L, -222060486L, 
847033200L, -805407684L, -915277036L, -537705022L, 266337504L, 
1951555452L, -1553393968L, -1623627102L, -1492155352L, 1043837196L, 
2035399612L, -315089614L, -1134377024L, -802277836L, 1349649352L, 
-426459974L, 583147408L, 114655724L, -8776620L, -311965038L, 
120105760L, 1031055820L, 1243919328L, -43053374L, 1216452136L, 
958369452L, -2065809732L, -299744782L, -157945552L, -1603073884L, 
350550712L, -1119029414L, 321916304L, 1620942204L, 12372244L, 
-39844542L, -1214917888L, -299367492L, -218451120L, 631282978L, 
492423496L, -1122313204L, -104803236L, 503268562L, -1624787968L, 
-749033644L, -193095192L, -561224710L, 898704080L, 58051884L, 
482591988L, -916761710L, 506418272L, 355088652L, 75215584L, -1317405342L, 
138770088L, -1845371316L, -599485572L, -1364173006L, 693930608L, 
1072460100L, 2066737112L, -1762642822L, -632436176L, -77769028L, 
-604158124L, 1595176514L, 1043453856L, -1742224196L, -2024795696L, 
-1626017438L, 599248872L, 782234572L, 1198552828L, 1261614066L, 
327928960L, 612403444L, 1381523592L, 1550577978L, -860452016L, 
265670764L, -526685036L, -1602546350L, -1038353696L, -1684210484L, 
1086416032L, 2077771138L, 1603753192L, 829056236L, -1383913412L, 
-1273664398L, 2023181424L, 1225265700L, -1601472968L, -244342246L, 
1112116432L, 2142473788L, -344668012L, -216009598L, 1530409920L, 
1514801468L, -1771434352L, -406072286L, 1748844552L, 253330572L, 
163773468L, -796815214L, -1733485440L, -1757934572L, -284448984L, 
-12070854L, -1511892784L, 1519353964L, 1046156980L, 2817042L, 
59855840L, -659512372L, -957756960L, 599545890L, 656084264L, 
-622837492L, -1448443332L, -219633422L, -2063848208L, 1924079428L, 
1863269464L, 72547898L, 180558064L, 1039795900L, -560799212L, 
-315464510L, -1226417568L, -987045508L, 425549008L, 1784016930L, 
717370536L, 150581644L, 1913958844L, -63099854L, 2047512384L, 
1048873652L, 1804860744L, 27850426L, -1519162608L, 1691228396L, 
-1661129644L, -973442286L, -1846514272L, -1540847668L, -93056375L, 
-1516071237L, -1548126964L, 1941477530L, -128934385L, -2118854055L, 
-1176766738L, -775969412L, 263046637L, -1052401001L, -1222681248L, 
1778493758L, -206482933L, -127924595L, 905472954L, -517307912L, 
93760929L, -633715885L, -496358796L, -1166169086L, 413564567L, 
-2138011551L, 1739228326L, -959155036L, 1911641429L, 1358159359L, 
1331369112L, 182763958L, 1523710531L, 1399218053L, 73391138L, 
1254035216L, 949029561L, 446922603L, 663043676L, 958718858L, 
-647152769L, 992110281L, 1471950686L, 908612620L, -2096778275L, 
1340151527L, -2040686832L, -1290500562L, 1627413723L, -1468771907L, 
77319978L, 2081683400L, 681979121L, 1856864867L, 1974691428L, 
1535733138L, 795691623L, 2004648497L, -1803726986L, 1516401812L, 
68217509L, 1163691951L, 1508045928L, -1167607738L, -1213903373L, 
-984872619L, -1294320846L, 1449713408L, 1605889001L, 819926619L, 
1967941804L, 2095283898L, -703792017L, 731904505L, -1946559346L, 
-1471408804L, 538289613L, 352594231L, 66008000L, 1559809182L, 
647229803L, 659810541L, 1824952666L, -340170216L, 503199617L, 
2126820659L, -1841939628L, -2037936798L, 530410999L, -1423702463L, 
-1847541050L, 679310340L, 588645301L, -1823581025L, 1826470136L, 
2048471254L, 588413283L, 1841927461L, -215780670L, -1971634256L, 
425837529L, 1256394059L, -309417028L, 926888938L, 1895281695L, 
425538217L, -2036566466L, -1134793940L, 1131160957L, -12227641L, 
2006588080L, 1448855758L, 2137334267L, 1094840925L, -159289974L, 
438187432L, 1019042577L, -492013053L, 1659161860L, -707704526L, 
-386377849L, 1216153041L, 1030158166L, -804584140L, -407434171L, 
-523455345L, 1419223560L, -797958618L, 286123731L, 1275402293L, 
-941049966L, 173557600L, 1402536649L, 641828347L, -1361104436L, 
467548250L, 572835151L, 1864371225L, 1697010222L, -2099097540L, 
1896641965L, 233424471L, -2133444704L, 413422846L, 1306912715L, 
-917605939L, 1154712826L, -725285064L, -845032223L, 1826977683L, 
1102490548L, -331505470L, 1341846743L, 2044191009L, -2017859354L, 
